Reading train data located at: /mnt/beegfs/home/corro/repos/deep-syntactic-dependency-parsing-wip/data/sequoia/train.conll
Reading dev data located at: /mnt/beegfs/home/corro/repos/deep-syntactic-dependency-parsing-wip/data/sequoia/dev.conll
Data set size
	n. train sentences: 16961
	n. dev sentences: 1732
Building dictionnaries from train data
	n. words: 28047
	n. chars: 124
	n. labels: 33
Converting train and dev data
Building network
Training!

Epoch	loss	lr		|	Dev (prec)	Dev (rec)	Dev (F1)	Dev (match)	NODE prec.	POS prec.	Improved?	|	for.	loss	backward	epoch	|	forward	parser	dev		|	elapsed
1		14200962.9877	0.001986	|	0.00		0.00		0.00		0.00		*			|	0.42	0.20	0.20		0.82	|	0.05	0.15	0.19	|	1.02
2		3122979.6499	0.001972	|	0.00		0.00		0.00		0.00		 			|	0.42	0.20	0.20		0.82	|	0.05	0.15	0.19	|	2.03
3		9635853.5513	0.001958	|	71.43		0.01		0.02		0.00		*			|	0.42	0.20	0.20		0.82	|	0.05	0.15	0.19	|	3.05
4		3180741.0554	0.001945	|	23.52		9.82		13.86		0.00		*			|	0.42	0.20	0.20		0.82	|	0.05	0.15	0.19	|	4.06
5		2825887.4089	0.001931	|	78.79		0.05		0.11		0.00		 			|	0.41	0.20	0.20		0.81	|	0.05	0.15	0.19	|	5.06
6		2625509.5061	0.001918	|	67.11		6.76		12.28		0.00		 			|	0.41	0.20	0.20		0.82	|	0.05	0.15	0.19	|	6.07
7		1866222.2681	0.001904	|	58.60		43.27		49.78		0.64		*			|	0.41	0.20	0.20		0.82	|	0.05	0.15	0.20	|	7.09
8		1442893.1503	0.001891	|	76.42		47.20		58.36		0.87		*			|	0.42	0.20	0.20		0.82	|	0.05	0.15	0.20	|	8.11
9		1159709.0105	0.001878	|	84.31		49.39		62.29		3.18		*			|	0.42	0.20	0.20		0.82	|	0.05	0.15	0.20	|	9.12
10		998743.3728	0.001864	|	77.82		68.40		72.81		5.72		*			|	0.41	0.20	0.20		0.81	|	0.05	0.15	0.20	|	10.14
11		899110.4440	0.001851	|	81.79		70.70		75.84		6.93		*			|	0.41	0.20	0.20		0.81	|	0.05	0.15	0.20	|	11.15
12		818222.0339	0.001838	|	82.45		73.32		77.62		8.37		*			|	0.42	0.20	0.20		0.82	|	0.05	0.15	0.20	|	12.17
13		771647.9015	0.001826	|	81.89		74.88		78.23		8.14		*			|	0.42	0.20	0.20		0.82	|	0.05	0.15	0.20	|	13.19
14		747823.5234	0.001813	|	84.79		73.45		78.71		9.64		*			|	0.42	0.20	0.20		0.82	|	0.05	0.15	0.20	|	14.21
15		707530.1907	0.001800	|	83.72		77.10		80.28		10.10		*			|	0.42	0.20	0.20		0.82	|	0.05	0.15	0.20	|	15.23
16		678363.9075	0.001788	|	82.36		79.01		80.65		11.37		*			|	0.41	0.20	0.20		0.81	|	0.05	0.15	0.20	|	16.24
17		651559.1467	0.001775	|	83.70		79.40		81.49		11.66		*			|	0.41	0.20	0.20		0.82	|	0.05	0.15	0.20	|	17.25
18		624198.8377	0.001763	|	85.68		77.55		81.41		11.20		 			|	0.41	0.20	0.20		0.82	|	0.05	0.15	0.20	|	18.27
19		612432.6782	0.001750	|	82.52		81.17		81.84		12.36		*			|	0.42	0.20	0.20		0.82	|	0.05	0.15	0.20	|	19.29
20		591237.5219	0.001738	|	83.67		80.58		82.10		12.64		*			|	0.41	0.20	0.20		0.81	|	0.05	0.15	0.20	|	20.30
21		578037.6179	0.001726	|	86.45		78.40		82.23		12.47		*			|	0.42	0.20	0.20		0.82	|	0.05	0.15	0.20	|	21.32
22		562244.5487	0.001714	|	86.07		79.26		82.52		14.09		*			|	0.42	0.20	0.20		0.82	|	0.05	0.15	0.20	|	22.33
23		552950.5910	0.001702	|	85.34		80.41		82.80		14.15		*			|	0.42	0.20	0.20		0.82	|	0.05	0.15	0.20	|	23.35
24		543263.8127	0.001690	|	85.62		80.78		83.13		14.43		*			|	0.42	0.20	0.20		0.82	|	0.05	0.15	0.20	|	24.37
25		529288.3640	0.001678	|	86.42		80.10		83.14		14.38		*			|	0.42	0.20	0.20		0.82	|	0.05	0.15	0.20	|	25.39
26		527209.2229	0.001666	|	85.78		81.33		83.50		14.84		*			|	0.41	0.20	0.20		0.81	|	0.05	0.15	0.20	|	26.40
27		511894.9615	0.001655	|	89.60		76.32		82.42		13.74		 			|	0.41	0.20	0.20		0.81	|	0.05	0.15	0.20	|	27.41
28		511344.8559	0.001643	|	87.28		80.35		83.67		14.95		*			|	0.41	0.20	0.20		0.81	|	0.05	0.15	0.20	|	28.42
29		498062.7142	0.001632	|	86.79		80.57		83.57		15.18		 			|	0.41	0.20	0.20		0.81	|	0.05	0.15	0.20	|	29.42
30		486413.9613	0.001620	|	85.61		81.96		83.75		14.84		*			|	0.41	0.20	0.20		0.80	|	0.05	0.15	0.20	|	30.43
31		477701.2265	0.001609	|	83.95		83.05		83.50		15.18		 			|	0.41	0.20	0.20		0.80	|	0.05	0.15	0.20	|	31.43
32		473244.5858	0.001598	|	84.96		83.09		84.01		15.42		*			|	0.41	0.20	0.20		0.80	|	0.05	0.15	0.20	|	32.43
33		467952.3591	0.001586	|	85.03		82.77		83.88		15.82		 			|	0.40	0.20	0.20		0.80	|	0.05	0.15	0.20	|	33.42
34		457455.2398	0.001575	|	85.98		82.06		83.98		15.47		 			|	0.41	0.20	0.20		0.80	|	0.05	0.15	0.20	|	34.42
35		452455.1476	0.001564	|	85.80		82.34		84.03		15.47		*			|	0.41	0.20	0.20		0.80	|	0.05	0.15	0.20	|	35.43
36		444721.9476	0.001553	|	85.70		82.08		83.85		15.24		 			|	0.41	0.20	0.20		0.80	|	0.05	0.15	0.20	|	36.43
37		445009.4656	0.001543	|	85.55		82.84		84.18		15.82		*			|	0.41	0.20	0.20		0.80	|	0.05	0.15	0.20	|	37.43
38		434520.3743	0.001532	|	85.69		82.82		84.23		16.17		*			|	0.40	0.20	0.20		0.80	|	0.05	0.15	0.20	|	38.43
39		431274.3992	0.001521	|	85.81		82.77		84.26		15.82		*			|	0.40	0.20	0.20		0.80	|	0.05	0.15	0.20	|	39.43
40		425870.2820	0.001510	|	85.23		83.24		84.23		15.99		 			|	0.41	0.20	0.20		0.80	|	0.05	0.15	0.20	|	40.43
41		420987.3869	0.001500	|	84.95		83.49		84.21		15.82		 			|	0.41	0.20	0.20		0.80	|	0.05	0.15	0.20	|	41.43
42		415551.9635	0.001489	|	85.14		83.04		84.08		16.45		 			|	0.41	0.20	0.20		0.80	|	0.05	0.15	0.20	|	42.43
43		410113.9033	0.001479	|	85.35		83.06		84.19		15.76		 			|	0.41	0.20	0.20		0.80	|	0.05	0.15	0.20	|	43.43
44		406022.3891	0.001469	|	86.26		81.94		84.05		15.99		 			|	0.40	0.20	0.20		0.80	|	0.05	0.15	0.20	|	44.43
45		413648.5556	0.001458	|	86.04		82.61		84.29		16.05		*			|	0.41	0.20	0.20		0.80	|	0.05	0.15	0.20	|	45.43
46		401838.6298	0.001448	|	84.96		83.45		84.19		16.28		 			|	0.41	0.20	0.20		0.80	|	0.05	0.15	0.20	|	46.43
47		396651.8902	0.001438	|	85.37		82.97		84.15		16.57		 			|	0.41	0.20	0.20		0.80	|	0.05	0.15	0.20	|	47.43
48		393350.8880	0.001428	|	85.45		83.53		84.48		16.51		*			|	0.41	0.20	0.20		0.80	|	0.05	0.15	0.20	|	48.43
49		387620.1653	0.001418	|	84.63		83.88		84.25		16.57		 			|	0.40	0.20	0.20		0.79	|	0.05	0.15	0.20	|	49.42
50		386620.9577	0.001408	|	84.25		84.04		84.14		16.05		 			|	0.41	0.20	0.20		0.80	|	0.05	0.15	0.20	|	50.41
51		379443.1542	0.001398	|	84.68		83.70		84.19		16.05		 			|	0.40	0.20	0.20		0.80	|	0.05	0.15	0.20	|	51.41
52		376389.9729	0.001388	|	83.97		83.59		83.78		16.28		 			|	0.40	0.20	0.20		0.80	|	0.05	0.15	0.20	|	52.40
53		377752.7734	0.001379	|	86.69		82.14		84.36		16.57		 			|	0.40	0.20	0.20		0.80	|	0.05	0.15	0.20	|	53.40
54		365388.9426	0.001369	|	85.50		83.42		84.44		17.61		 			|	0.40	0.20	0.20		0.80	|	0.05	0.15	0.20	|	54.39
55		364377.5830	0.001359	|	85.62		83.16		84.37		16.40		 			|	0.40	0.20	0.20		0.79	|	0.05	0.15	0.20	|	55.38
56		361162.7240	0.001350	|	85.02		83.87		84.44		16.69		 			|	0.41	0.20	0.20		0.80	|	0.05	0.15	0.20	|	56.38
57		359449.4192	0.001340	|	86.99		82.03		84.44		15.99		 			|	0.40	0.20	0.20		0.80	|	0.05	0.15	0.20	|	57.37
58		359791.4529	0.001331	|	84.44		84.08		84.26		16.22		 			|	0.40	0.20	0.20		0.80	|	0.05	0.15	0.20	|	58.37
59		355113.8948	0.001322	|	86.59		82.29		84.39		16.51		 			|	0.40	0.20	0.20		0.80	|	0.05	0.15	0.20	|	59.37
60		352235.1821	0.001313	|	85.54		83.35		84.43		16.86		 			|	0.40	0.20	0.20		0.79	|	0.05	0.15	0.20	|	60.36
61		350202.4328	0.001303	|	87.40		81.52		84.36		16.05		 			|	0.40	0.20	0.20		0.79	|	0.05	0.15	0.20	|	61.35
62		346189.8094	0.001294	|	84.69		84.00		84.34		16.28		 			|	0.40	0.20	0.20		0.80	|	0.05	0.15	0.20	|	62.35
63		343089.7914	0.001285	|	84.91		83.93		84.42		17.03		 			|	0.40	0.20	0.20		0.80	|	0.05	0.15	0.20	|	63.35
64		340951.9861	0.001276	|	86.95		81.96		84.38		17.21		 			|	0.40	0.20	0.20		0.80	|	0.05	0.15	0.20	|	64.34
65		335571.2393	0.001267	|	85.34		83.15		84.23		16.63		 			|	0.40	0.20	0.20		0.79	|	0.05	0.15	0.20	|	65.34
66		335449.0961	0.001258	|	86.21		83.22		84.69		17.21		*			|	0.40	0.20	0.20		0.79	|	0.05	0.15	0.20	|	66.33
67		333721.5873	0.001250	|	85.92		83.23		84.56		16.80		 			|	0.40	0.20	0.20		0.80	|	0.05	0.15	0.20	|	67.33
68		331399.9055	0.001241	|	85.62		83.56		84.57		16.97		 			|	0.40	0.20	0.20		0.80	|	0.05	0.15	0.20	|	68.32
69		327619.4846	0.001232	|	86.97		82.31		84.58		16.69		 			|	0.40	0.20	0.20		0.80	|	0.05	0.15	0.20	|	69.32
70		325901.2615	0.001224	|	84.78		83.81		84.29		16.97		 			|	0.40	0.20	0.20		0.80	|	0.05	0.15	0.20	|	70.32
71		324971.2960	0.001215	|	84.70		84.18		84.44		17.38		 			|	0.40	0.20	0.20		0.79	|	0.05	0.15	0.20	|	71.31
72		321209.8442	0.001207	|	85.81		83.52		84.65		17.15		 			|	0.40	0.20	0.20		0.80	|	0.05	0.15	0.20	|	72.30
73		322773.7377	0.001198	|	85.66		83.79		84.71		17.09		*			|	0.40	0.20	0.20		0.80	|	0.05	0.15	0.20	|	73.30
74		319324.6522	0.001190	|	85.11		83.87		84.49		17.26		 			|	0.40	0.20	0.20		0.80	|	0.05	0.15	0.20	|	74.30
75		315525.5320	0.001181	|	85.42		83.98		84.69		17.49		 			|	0.40	0.20	0.20		0.80	|	0.05	0.15	0.20	|	75.29
76		313902.2453	0.001173	|	86.01		83.52		84.75		17.61		*			|	0.40	0.20	0.20		0.80	|	0.05	0.15	0.20	|	76.29
77		308462.0959	0.001165	|	87.14		82.32		84.66		17.44		 			|	0.40	0.20	0.20		0.79	|	0.05	0.15	0.20	|	77.28
78		309044.6794	0.001157	|	85.28		83.95		84.61		17.21		 			|	0.40	0.20	0.20		0.80	|	0.05	0.15	0.20	|	78.28
79		306856.1230	0.001149	|	85.20		84.14		84.66		17.73		 			|	0.40	0.20	0.20		0.80	|	0.05	0.15	0.20	|	79.27
80		302657.9173	0.001141	|	85.80		83.36		84.56		18.19		 			|	0.40	0.20	0.20		0.80	|	0.05	0.15	0.20	|	80.27
81		302921.8903	0.001133	|	86.11		83.38		84.73		17.78		 			|	0.40	0.20	0.20		0.80	|	0.05	0.15	0.20	|	81.26
82		298973.7004	0.001125	|	85.79		83.57		84.66		17.96		 			|	0.40	0.20	0.20		0.80	|	0.05	0.15	0.20	|	82.26
83		298785.1935	0.001117	|	85.18		83.99		84.58		17.32		 			|	0.40	0.20	0.20		0.79	|	0.05	0.15	0.20	|	83.25
84		298694.7760	0.001109	|	85.68		83.55		84.60		16.97		 			|	0.40	0.20	0.20		0.80	|	0.05	0.15	0.20	|	84.25
85		299282.6210	0.001101	|	85.20		83.96		84.57		17.49		 			|	0.40	0.20	0.20		0.80	|	0.05	0.15	0.20	|	85.25
86		291847.1368	0.001094	|	85.37		83.93		84.65		17.84		 			|	0.40	0.20	0.20		0.80	|	0.05	0.15	0.20	|	86.24
87		293135.7076	0.001086	|	85.66		83.76		84.70		17.84		 			|	0.40	0.20	0.20		0.80	|	0.05	0.15	0.20	|	87.24
88		289049.9114	0.001078	|	85.60		83.68		84.63		17.32		 			|	0.40	0.20	0.20		0.79	|	0.05	0.15	0.20	|	88.23
89		288981.9060	0.001071	|	85.79		83.60		84.68		17.26		 			|	0.40	0.20	0.20		0.80	|	0.05	0.15	0.20	|	89.22
90		290504.8382	0.001063	|	85.87		83.46		84.65		17.38		 			|	0.40	0.20	0.20		0.80	|	0.05	0.15	0.20	|	90.22
91		284947.0091	0.001056	|	85.16		84.08		84.62		17.38		 			|	0.40	0.20	0.20		0.80	|	0.05	0.15	0.20	|	91.21
92		280823.4894	0.001048	|	85.29		84.09		84.69		17.49		 			|	0.40	0.20	0.20		0.80	|	0.05	0.15	0.20	|	92.21
93		281263.8247	0.001041	|	85.93		83.35		84.62		17.73		 			|	0.40	0.20	0.20		0.79	|	0.05	0.15	0.20	|	93.20
94		281812.8408	0.001034	|	85.92		83.76		84.82		17.32		*			|	0.40	0.20	0.20		0.80	|	0.05	0.15	0.20	|	94.20
95		278533.4467	0.001027	|	85.63		83.91		84.76		17.38		 			|	0.40	0.20	0.20		0.80	|	0.05	0.15	0.20	|	95.20
96		277658.1255	0.001019	|	86.18		83.23		84.68		17.61		 			|	0.40	0.20	0.20		0.80	|	0.05	0.15	0.20	|	96.19
97		277732.8450	0.001012	|	85.82		83.52		84.65		17.26		 			|	0.40	0.20	0.20		0.80	|	0.05	0.15	0.20	|	97.19
98		274248.1225	0.001005	|	85.67		83.76		84.70		16.86		 			|	0.40	0.20	0.20		0.80	|	0.05	0.15	0.20	|	98.19
99		274175.3622	0.000998	|	85.92		83.50		84.69		17.61		 			|	0.40	0.20	0.20		0.79	|	0.05	0.15	0.20	|	99.17
100		274574.1850	0.000991	|	85.66		83.79		84.72		17.78		 			|	0.40	0.20	0.20		0.80	|	0.05	0.15	0.20	|	100.17
101		268235.7815	0.000984	|	84.68		84.37		84.53		17.78		 			|	0.40	0.20	0.20		0.80	|	0.05	0.15	0.20	|	101.16
102		268077.4189	0.000977	|	85.68		83.74		84.70		18.01		 			|	0.40	0.20	0.20		0.80	|	0.05	0.15	0.20	|	102.16
103		268621.4364	0.000971	|	85.34		84.06		84.69		17.84		 			|	0.40	0.20	0.20		0.80	|	0.05	0.15	0.20	|	103.15
104		267431.5657	0.000964	|	84.88		84.35		84.61		18.13		 			|	0.40	0.20	0.20		0.79	|	0.05	0.15	0.20	|	104.15
105		265444.7276	0.000957	|	85.21		84.28		84.74		18.53		 			|	0.40	0.20	0.20		0.79	|	0.05	0.15	0.20	|	105.14
106		264194.6087	0.000950	|	85.95		83.80		84.86		18.59		*			|	0.40	0.20	0.20		0.80	|	0.05	0.15	0.20	|	106.14
107		264259.2788	0.000944	|	85.26		84.21		84.73		18.19		 			|	0.40	0.20	0.20		0.80	|	0.05	0.15	0.20	|	107.13
108		262823.9239	0.000937	|	85.39		84.12		84.75		17.38		 			|	0.40	0.20	0.20		0.80	|	0.05	0.15	0.20	|	108.13
109		258022.3240	0.000931	|	85.78		83.84		84.80		17.73		 			|	0.40	0.20	0.20		0.80	|	0.05	0.15	0.20	|	109.12
110		256542.1970	0.000924	|	85.65		83.99		84.81		18.13		 			|	0.40	0.20	0.20		0.79	|	0.05	0.15	0.20	|	110.12
111		257759.0346	0.000918	|	85.37		84.31		84.84		18.07		 			|	0.40	0.20	0.20		0.79	|	0.05	0.15	0.20	|	111.11
112		257934.4754	0.000911	|	85.87		83.75		84.80		17.61		 			|	0.40	0.20	0.20		0.80	|	0.05	0.15	0.20	|	112.10
113		257988.6341	0.000905	|	86.08		83.78		84.91		18.30		*			|	0.40	0.20	0.20		0.80	|	0.05	0.15	0.20	|	113.10
114		253188.4530	0.000898	|	85.09		84.34		84.71		17.73		 			|	0.40	0.20	0.20		0.80	|	0.05	0.15	0.20	|	114.09
115		252862.1914	0.000892	|	85.23		84.31		84.77		18.30		 			|	0.40	0.20	0.20		0.80	|	0.05	0.15	0.20	|	115.09
116		250561.3956	0.000886	|	85.32		84.39		84.85		17.73		 			|	0.40	0.20	0.20		0.79	|	0.05	0.15	0.20	|	116.08
117		250367.8759	0.000880	|	85.78		83.83		84.79		18.24		 			|	0.40	0.20	0.20		0.80	|	0.05	0.15	0.20	|	117.07
118		248814.4308	0.000874	|	85.97		83.65		84.79		18.01		 			|	0.40	0.20	0.20		0.80	|	0.05	0.15	0.20	|	118.07
119		248506.0573	0.000867	|	85.84		83.92		84.87		18.42		 			|	0.40	0.20	0.20		0.80	|	0.05	0.15	0.20	|	119.07
120		249309.1754	0.000861	|	85.79		83.86		84.82		18.88		 			|	0.41	0.20	0.20		0.80	|	0.05	0.15	0.20	|	120.07
121		247833.2595	0.000855	|	85.28		84.18		84.72		18.53		 			|	0.40	0.20	0.20		0.80	|	0.05	0.15	0.20	|	121.06
122		246268.8497	0.000849	|	85.65		83.89		84.76		18.01		 			|	0.40	0.20	0.20		0.79	|	0.05	0.15	0.20	|	122.05
123		244303.6613	0.000843	|	85.94		83.57		84.74		17.49		 			|	0.40	0.20	0.20		0.80	|	0.05	0.15	0.20	|	123.05
124		244636.0381	0.000838	|	85.56		84.12		84.83		18.07		 			|	0.40	0.20	0.20		0.80	|	0.05	0.15	0.20	|	124.04
125		241370.2774	0.000832	|	85.75		83.81		84.77		18.19		 			|	0.40	0.20	0.20		0.80	|	0.05	0.15	0.20	|	125.04
126		241178.3018	0.000826	|	85.17		84.26		84.71		17.67		 			|	0.40	0.20	0.20		0.80	|	0.05	0.15	0.20	|	126.03
127		240307.2104	0.000820	|	85.71		83.80		84.74		18.42		 			|	0.40	0.20	0.20		0.79	|	0.05	0.15	0.20	|	127.02
128		237606.1047	0.000814	|	85.31		84.18		84.74		17.49		 			|	0.40	0.20	0.20		0.80	|	0.05	0.15	0.20	|	128.02
129		239171.2045	0.000809	|	85.65		83.87		84.75		17.84		 			|	0.40	0.20	0.20		0.80	|	0.05	0.15	0.20	|	129.02
130		234277.9869	0.000803	|	86.03		83.49		84.74		18.36		 			|	0.40	0.20	0.20		0.80	|	0.05	0.15	0.20	|	130.01
131		234556.5946	0.000797	|	85.62		83.95		84.78		18.48		 			|	0.40	0.20	0.20		0.80	|	0.05	0.15	0.20	|	131.01
132		234652.9021	0.000792	|	85.78		83.60		84.68		18.07		 			|	0.40	0.20	0.20		0.80	|	0.05	0.15	0.20	|	132.00
133		235802.9650	0.000786	|	86.33		83.39		84.83		18.19		 			|	0.40	0.20	0.20		0.79	|	0.05	0.15	0.20	|	132.99
134		229769.8088	0.000781	|	85.72		83.96		84.83		17.90		 			|	0.40	0.20	0.20		0.80	|	0.05	0.15	0.20	|	133.99
135		234319.7267	0.000775	|	85.31		84.07		84.68		18.13		 			|	0.40	0.20	0.20		0.80	|	0.05	0.15	0.20	|	134.98
136		233288.8297	0.000770	|	85.56		84.06		84.80		17.96		 			|	0.40	0.20	0.20		0.80	|	0.05	0.15	0.20	|	135.98
137		229266.2954	0.000764	|	85.35		84.27		84.81		17.96		 			|	0.40	0.20	0.20		0.80	|	0.05	0.15	0.20	|	136.98
138		233435.9147	0.000759	|	86.11		83.71		84.89		17.90		 			|	0.40	0.20	0.20		0.79	|	0.05	0.15	0.20	|	137.97
139		225408.0715	0.000754	|	85.56		84.13		84.84		17.96		 			|	0.40	0.20	0.20		0.80	|	0.05	0.15	0.20	|	138.96
140		228899.9671	0.000748	|	85.68		84.15		84.91		18.07		 			|	0.40	0.20	0.20		0.80	|	0.05	0.15	0.20	|	139.96
141		224758.5604	0.000743	|	85.50		84.22		84.86		17.67		 			|	0.40	0.20	0.20		0.80	|	0.05	0.15	0.20	|	140.95
142		225556.2528	0.000738	|	85.43		84.44		84.93		18.19		*			|	0.40	0.20	0.20		0.80	|	0.05	0.15	0.20	|	141.95
143		225723.8457	0.000733	|	85.75		84.09		84.92		18.19		 			|	0.41	0.20	0.20		0.80	|	0.05	0.15	0.20	|	142.95
144		225090.8073	0.000728	|	85.53		84.29		84.91		18.30		 			|	0.40	0.20	0.20		0.79	|	0.05	0.15	0.20	|	143.94
145		225290.8766	0.000723	|	86.53		83.68		85.08		18.13		*			|	0.40	0.20	0.20		0.79	|	0.05	0.15	0.20	|	144.94
146		224880.6343	0.000718	|	85.57		84.24		84.90		18.53		 			|	0.40	0.20	0.20		0.80	|	0.05	0.15	0.20	|	145.93
147		223396.5565	0.000713	|	85.84		84.19		85.01		18.76		 			|	0.40	0.20	0.20		0.80	|	0.05	0.15	0.20	|	146.93
148		220757.0228	0.000708	|	85.66		84.30		84.98		18.24		 			|	0.40	0.20	0.20		0.80	|	0.05	0.15	0.20	|	147.93
149		220047.9105	0.000703	|	85.77		84.04		84.90		18.24		 			|	0.40	0.20	0.20		0.79	|	0.05	0.15	0.20	|	148.91
150		220812.8122	0.000698	|	85.55		84.14		84.84		18.19		 			|	0.40	0.20	0.20		0.80	|	0.05	0.15	0.20	|	149.91
151		217488.8254	0.000693	|	85.88		83.84		84.85		18.42		 			|	0.40	0.20	0.20		0.80	|	0.05	0.15	0.20	|	150.91
152		219778.6709	0.000688	|	85.58		83.94		84.75		18.53		 			|	0.40	0.20	0.20		0.80	|	0.05	0.15	0.20	|	151.90
153		217302.4499	0.000683	|	85.64		84.12		84.88		18.59		 			|	0.40	0.20	0.20		0.80	|	0.05	0.15	0.20	|	152.90
154		218452.1731	0.000678	|	85.34		84.24		84.79		18.01		 			|	0.40	0.20	0.20		0.80	|	0.05	0.15	0.20	|	153.89
155		217937.3411	0.000674	|	85.70		84.05		84.87		18.01		 			|	0.40	0.20	0.20		0.79	|	0.05	0.15	0.20	|	154.88
156		217120.5240	0.000669	|	85.92		83.85		84.87		18.24		 			|	0.40	0.20	0.20		0.80	|	0.05	0.15	0.20	|	155.88
157		215464.8969	0.000664	|	85.83		84.08		84.94		18.48		 			|	0.40	0.20	0.20		0.80	|	0.05	0.15	0.20	|	156.88
158		213338.1718	0.000660	|	85.88		83.77		84.81		18.01		 			|	0.40	0.20	0.20		0.80	|	0.05	0.15	0.20	|	157.87
159		215076.5664	0.000655	|	85.24		84.24		84.74		18.48		 			|	0.40	0.20	0.20		0.80	|	0.05	0.15	0.20	|	158.87
160		212979.5439	0.000650	|	85.54		83.91		84.72		18.53		 			|	0.40	0.20	0.20		0.80	|	0.05	0.15	0.20	|	159.86
161		212231.5448	0.000646	|	85.71		83.86		84.77		18.30		 			|	0.40	0.20	0.20		0.79	|	0.05	0.15	0.20	|	160.85
162		212148.1887	0.000641	|	85.51		84.10		84.80		17.90		 			|	0.40	0.20	0.20		0.80	|	0.05	0.15	0.20	|	161.85
163		211155.4262	0.000637	|	85.66		84.04		84.85		18.59		 			|	0.40	0.20	0.20		0.80	|	0.05	0.15	0.20	|	162.84
164		212118.5583	0.000632	|	85.64		84.04		84.83		18.24		 			|	0.40	0.20	0.20		0.80	|	0.05	0.15	0.20	|	163.84
165		209514.7001	0.000628	|	85.54		83.96		84.74		18.07		 			|	0.40	0.20	0.20		0.80	|	0.05	0.15	0.20	|	164.83
166		206184.3183	0.000624	|	85.56		84.09		84.82		18.71		 			|	0.40	0.20	0.20		0.80	|	0.05	0.15	0.20	|	165.83
167		207647.1052	0.000619	|	85.53		84.00		84.76		18.07		 			|	0.40	0.20	0.20		0.79	|	0.05	0.15	0.20	|	166.82
168		209353.9640	0.000615	|	85.64		83.96		84.79		17.96		 			|	0.40	0.20	0.20		0.80	|	0.05	0.15	0.20	|	167.82
169		207117.4069	0.000611	|	85.25		84.36		84.80		18.19		 			|	0.40	0.20	0.20		0.80	|	0.05	0.15	0.20	|	168.81
170		205303.0480	0.000606	|	85.87		84.09		84.97		18.07		 			|	0.40	0.20	0.20		0.80	|	0.05	0.15	0.20	|	169.81
171		204994.7836	0.000602	|	85.81		83.90		84.84		18.07		 			|	0.40	0.20	0.20		0.80	|	0.05	0.15	0.20	|	170.80
172		205564.9984	0.000598	|	85.92		83.83		84.86		17.90		 			|	0.40	0.20	0.20		0.80	|	0.05	0.15	0.20	|	171.80
173		203417.5554	0.000594	|	84.99		84.53		84.76		17.49		 			|	0.40	0.20	0.20		0.79	|	0.05	0.15	0.20	|	172.79
174		204155.0443	0.000590	|	85.64		84.12		84.88		18.19		 			|	0.40	0.20	0.20		0.80	|	0.05	0.15	0.20	|	173.78
175		202830.5107	0.000585	|	85.68		84.02		84.84		17.90		 			|	0.40	0.20	0.20		0.80	|	0.05	0.15	0.20	|	174.78
176		203877.9698	0.000581	|	85.94		84.02		84.97		17.78		 			|	0.41	0.20	0.20		0.80	|	0.05	0.15	0.20	|	175.78
177		203086.7358	0.000577	|	85.74		84.09		84.90		18.19		 			|	0.40	0.20	0.20		0.80	|	0.05	0.15	0.20	|	176.77
178		203800.5804	0.000573	|	85.75		84.08		84.91		17.96		 			|	0.40	0.20	0.20		0.80	|	0.05	0.15	0.20	|	177.77
179		202861.0613	0.000569	|	85.73		83.97		84.84		18.19		 			|	0.40	0.20	0.20		0.79	|	0.05	0.15	0.20	|	178.76
180		201070.3090	0.000565	|	85.31		84.46		84.88		17.90		 			|	0.40	0.20	0.20		0.80	|	0.05	0.15	0.20	|	179.75
181		199765.4293	0.000561	|	85.54		84.20		84.86		17.67		 			|	0.40	0.20	0.20		0.80	|	0.05	0.15	0.20	|	180.75
182		198329.8545	0.000557	|	85.72		84.19		84.95		18.19		 			|	0.40	0.20	0.20		0.80	|	0.05	0.15	0.20	|	181.74
183		199381.1846	0.000553	|	85.78		83.98		84.87		18.13		 			|	0.40	0.20	0.20		0.80	|	0.05	0.15	0.20	|	182.74
184		195313.1480	0.000550	|	85.76		84.01		84.87		18.13		 			|	0.40	0.20	0.20		0.80	|	0.05	0.15	0.20	|	183.74
185		196364.8274	0.000546	|	85.76		84.17		84.96		17.90		 			|	0.40	0.20	0.20		0.79	|	0.05	0.15	0.20	|	184.73
186		199919.6061	0.000542	|	85.93		84.10		85.00		18.19		 			|	0.40	0.20	0.20		0.80	|	0.05	0.15	0.20	|	185.73
187		196841.0042	0.000538	|	85.94		84.04		84.98		18.13		 			|	0.40	0.20	0.20		0.80	|	0.05	0.15	0.20	|	186.72
188		196220.5078	0.000534	|	85.63		84.24		84.93		18.36		 			|	0.41	0.20	0.20		0.80	|	0.05	0.15	0.20	|	187.72
189		198728.6756	0.000531	|	85.96		84.11		85.02		18.48		 			|	0.40	0.20	0.20		0.80	|	0.05	0.15	0.20	|	188.72
190		197914.9827	0.000527	|	85.80		84.07		84.93		18.07		 			|	0.40	0.20	0.20		0.79	|	0.05	0.15	0.20	|	189.71
191		197156.0743	0.000523	|	86.04		84.03		85.02		18.53		 			|	0.40	0.20	0.20		0.79	|	0.05	0.15	0.20	|	190.70
192		197325.3097	0.000520	|	85.73		84.17		84.94		18.07		 			|	0.40	0.20	0.20		0.80	|	0.05	0.15	0.20	|	191.70
193		194416.0364	0.000516	|	85.66		84.21		84.93		18.65		 			|	0.40	0.20	0.20		0.80	|	0.05	0.15	0.20	|	192.70
194		194374.3857	0.000512	|	86.03		83.92		84.96		18.19		 			|	0.40	0.20	0.20		0.80	|	0.05	0.15	0.20	|	193.69
195		190963.5216	0.000509	|	85.60		84.14		84.86		18.65		 			|	0.40	0.20	0.20		0.80	|	0.05	0.15	0.20	|	194.69
196		193379.1748	0.000505	|	85.75		84.08		84.91		17.90		 			|	0.40	0.20	0.20		0.79	|	0.05	0.15	0.20	|	195.68
197		189792.6871	0.000502	|	85.33		84.33		84.83		18.19		 			|	0.40	0.20	0.20		0.80	|	0.05	0.15	0.20	|	196.67
198		193851.0976	0.000498	|	85.69		84.09		84.88		18.01		 			|	0.40	0.20	0.20		0.80	|	0.05	0.15	0.20	|	197.67
199		191000.3888	0.000495	|	85.57		84.14		84.85		18.36		 			|	0.40	0.20	0.20		0.80	|	0.05	0.15	0.20	|	198.66
200		192007.1898	0.000491	|	85.71		84.12		84.91		17.84		 			|	0.40	0.20	0.20		0.80	|	0.05	0.15	0.20	|	199.66

Done!
Total training time (min): 199.66
