Reading train data located at: /mnt/beegfs/home/corro/repos/deep-syntactic-dependency-parsing-wip/data/sequoia/train.conll
Reading dev data located at: /mnt/beegfs/home/corro/repos/deep-syntactic-dependency-parsing-wip/data/sequoia/dev.conll
Ensuring connectedness
	n. removed train sentences: -646
	n. removed dev sentences: -55
Data set size
	n. train sentences: 16315
	n. dev sentences: 1677
Building dictionnaries from train data
	n. words: 27263
	n. chars: 123
	n. labels: 33
Converting train and dev data
Building network
Training!

Epoch	loss	lr		|	Dev (prec)	Dev (rec)	Dev (F1)	Dev (match)	NODE prec.	POS prec.	Improved?	|	for.	loss	backward	epoch	|	forward	parser	dev		|	elapsed
1		9067387.3634	0.001986	|	0.00		0.00		0.00		0.00		*			|	0.38	0.18	0.17		0.73	|	0.04	0.13	0.18	|	0.91
2		3606151.6060	0.001973	|	54.53		2.97		5.63		0.00		*			|	0.36	0.18	0.17		0.71	|	0.04	0.14	0.18	|	1.82
3		2218194.9935	0.001960	|	52.37		26.82		35.48		0.60		*			|	0.36	0.18	0.17		0.71	|	0.04	0.14	0.18	|	2.72
4		1725324.7020	0.001946	|	79.77		17.87		29.19		0.00		 			|	0.36	0.18	0.17		0.71	|	0.04	0.14	0.18	|	3.61
5		1217674.2547	0.001933	|	72.23		53.88		61.72		3.16		*			|	0.36	0.18	0.17		0.71	|	0.04	0.14	0.18	|	4.52
6		880981.5539	0.001920	|	75.00		78.29		76.61		7.69		*			|	0.36	0.18	0.17		0.71	|	0.04	0.14	0.18	|	5.42
7		682595.0854	0.001907	|	82.13		80.81		81.47		10.67		*			|	0.36	0.18	0.17		0.71	|	0.04	0.14	0.18	|	6.32
8		597801.1386	0.001894	|	85.35		80.77		83.00		12.22		*			|	0.36	0.18	0.17		0.71	|	0.04	0.14	0.18	|	7.22
9		541106.3555	0.001881	|	80.73		85.40		83.00		12.64		*			|	0.36	0.18	0.17		0.71	|	0.04	0.14	0.18	|	8.12
10		507069.3852	0.001869	|	86.82		83.05		84.89		15.03		*			|	0.36	0.18	0.17		0.71	|	0.04	0.14	0.18	|	9.02
11		476392.8368	0.001856	|	82.70		86.02		84.33		12.22		 			|	0.36	0.18	0.16		0.70	|	0.04	0.14	0.18	|	9.90
12		452185.8045	0.001844	|	87.64		84.08		85.82		15.62		*			|	0.36	0.18	0.16		0.70	|	0.04	0.14	0.18	|	10.79
13		434169.7216	0.001831	|	75.08		88.96		81.43		9.48		 			|	0.36	0.18	0.16		0.70	|	0.04	0.14	0.18	|	11.67
14		443144.8247	0.001819	|	87.90		85.02		86.43		16.82		*			|	0.36	0.18	0.16		0.70	|	0.04	0.14	0.18	|	12.56
15		397861.1887	0.001806	|	88.19		84.85		86.49		17.65		*			|	0.36	0.18	0.16		0.70	|	0.04	0.14	0.18	|	13.45
16		388293.1218	0.001794	|	87.52		85.89		86.70		18.31		*			|	0.36	0.18	0.16		0.70	|	0.04	0.14	0.18	|	14.34
17		371343.6821	0.001782	|	88.52		85.10		86.77		18.84		*			|	0.36	0.18	0.16		0.70	|	0.04	0.14	0.18	|	15.23
18		366884.2627	0.001770	|	84.08		87.94		85.96		18.01		 			|	0.36	0.18	0.16		0.70	|	0.04	0.14	0.18	|	16.11
19		347592.1826	0.001758	|	86.81		87.26		87.04		19.38		*			|	0.36	0.18	0.16		0.70	|	0.04	0.14	0.18	|	17.00
20		354024.5300	0.001746	|	88.83		85.33		87.04		19.02		*			|	0.36	0.18	0.16		0.70	|	0.04	0.14	0.18	|	17.88
21		329249.0266	0.001734	|	85.99		87.37		86.67		19.80		 			|	0.36	0.18	0.16		0.70	|	0.04	0.14	0.18	|	18.76
22		324251.7464	0.001723	|	88.76		85.73		87.22		19.62		*			|	0.36	0.18	0.16		0.70	|	0.04	0.14	0.18	|	19.65
23		318981.4390	0.001711	|	87.53		86.73		87.13		19.26		 			|	0.36	0.18	0.16		0.70	|	0.04	0.14	0.18	|	20.53
24		313280.1079	0.001699	|	91.17		82.00		86.34		17.95		 			|	0.36	0.18	0.16		0.70	|	0.04	0.13	0.18	|	21.41
25		305811.3671	0.001688	|	87.67		86.96		87.32		19.92		*			|	0.36	0.18	0.16		0.70	|	0.04	0.14	0.18	|	22.29
26		299449.7743	0.001676	|	86.65		87.24		86.94		18.96		 			|	0.36	0.18	0.16		0.70	|	0.04	0.14	0.18	|	23.18
27		294986.9799	0.001665	|	88.25		86.64		87.44		19.56		*			|	0.36	0.18	0.16		0.70	|	0.04	0.14	0.18	|	24.06
28		284921.9990	0.001654	|	88.87		85.97		87.40		20.16		 			|	0.36	0.18	0.16		0.70	|	0.04	0.14	0.18	|	24.94
29		278732.5377	0.001643	|	87.93		86.67		87.29		19.74		 			|	0.36	0.18	0.16		0.70	|	0.04	0.14	0.18	|	25.81
30		274386.0004	0.001631	|	88.10		86.65		87.37		20.87		 			|	0.36	0.18	0.16		0.70	|	0.04	0.14	0.18	|	26.69
31		270984.2452	0.001620	|	86.51		87.94		87.22		19.80		 			|	0.36	0.18	0.16		0.70	|	0.04	0.14	0.18	|	27.57
32		268359.0195	0.001609	|	87.66		87.31		87.48		20.69		*			|	0.36	0.17	0.16		0.70	|	0.04	0.14	0.18	|	28.46
33		266473.2109	0.001599	|	88.74		86.47		87.59		20.93		*			|	0.36	0.17	0.16		0.70	|	0.04	0.13	0.18	|	29.34
34		261576.3363	0.001588	|	88.49		86.82		87.64		20.21		*			|	0.36	0.17	0.16		0.70	|	0.04	0.14	0.18	|	30.23
35		253558.6864	0.001577	|	88.38		86.51		87.44		20.93		 			|	0.36	0.17	0.16		0.70	|	0.04	0.14	0.18	|	31.11
36		251395.1865	0.001566	|	88.24		86.87		87.55		20.16		 			|	0.36	0.18	0.16		0.70	|	0.04	0.14	0.18	|	31.98
37		245579.7098	0.001556	|	88.92		86.26		87.57		20.81		 			|	0.36	0.17	0.16		0.70	|	0.04	0.13	0.18	|	32.86
38		241611.4828	0.001545	|	87.79		87.32		87.55		21.11		 			|	0.36	0.17	0.16		0.70	|	0.04	0.13	0.18	|	33.73
39		239882.0345	0.001535	|	86.94		87.71		87.33		20.75		 			|	0.36	0.17	0.16		0.70	|	0.04	0.14	0.18	|	34.61
40		237069.3143	0.001524	|	86.74		88.00		87.36		20.81		 			|	0.36	0.17	0.16		0.70	|	0.04	0.14	0.18	|	35.48
41		233398.1706	0.001514	|	87.45		87.71		87.58		21.17		 			|	0.36	0.17	0.16		0.70	|	0.04	0.14	0.18	|	36.36
42		232285.8062	0.001504	|	87.15		87.82		87.49		21.65		 			|	0.36	0.18	0.16		0.70	|	0.04	0.14	0.18	|	37.23
43		231970.5577	0.001494	|	87.20		87.89		87.54		20.93		 			|	0.36	0.17	0.16		0.70	|	0.04	0.14	0.18	|	38.11
44		226135.5457	0.001484	|	89.23		86.29		87.73		21.82		*			|	0.36	0.18	0.16		0.70	|	0.04	0.14	0.18	|	39.00
45		226630.7021	0.001473	|	86.35		87.95		87.14		21.05		 			|	0.36	0.17	0.16		0.70	|	0.04	0.14	0.18	|	39.87
46		221816.2433	0.001464	|	86.80		88.07		87.43		21.47		 			|	0.36	0.17	0.16		0.70	|	0.04	0.13	0.18	|	40.74
47		217593.1472	0.001454	|	86.63		88.30		87.46		20.57		 			|	0.36	0.17	0.16		0.69	|	0.04	0.14	0.18	|	41.61
48		215295.7242	0.001444	|	87.28		87.66		87.47		21.17		 			|	0.36	0.17	0.16		0.70	|	0.04	0.14	0.18	|	42.49
49		216282.7024	0.001434	|	87.24		87.70		87.47		21.17		 			|	0.36	0.17	0.16		0.70	|	0.04	0.14	0.18	|	43.37
50		207883.3216	0.001424	|	87.79		87.22		87.50		21.29		 			|	0.36	0.18	0.16		0.70	|	0.04	0.14	0.18	|	44.25
51		205705.4080	0.001415	|	87.01		87.67		87.34		20.99		 			|	0.36	0.17	0.16		0.69	|	0.04	0.13	0.18	|	45.12
52		208964.2273	0.001405	|	87.89		87.16		87.52		21.29		 			|	0.36	0.18	0.16		0.70	|	0.04	0.14	0.18	|	45.99
53		201914.1811	0.001396	|	88.76		86.43		87.58		21.65		 			|	0.36	0.17	0.16		0.70	|	0.04	0.13	0.18	|	46.87
54		204531.4629	0.001386	|	86.45		88.15		87.29		20.75		 			|	0.36	0.17	0.16		0.70	|	0.04	0.14	0.18	|	47.75
55		198229.9928	0.001377	|	87.64		87.27		87.45		21.82		 			|	0.36	0.18	0.16		0.70	|	0.04	0.14	0.18	|	48.63
56		195684.7511	0.001367	|	86.69		87.83		87.25		20.99		 			|	0.36	0.18	0.16		0.70	|	0.04	0.14	0.18	|	49.50
57		193500.1156	0.001358	|	88.10		87.21		87.65		21.17		 			|	0.36	0.17	0.16		0.70	|	0.04	0.13	0.18	|	50.38
58		191139.1233	0.001349	|	87.00		87.59		87.30		20.99		 			|	0.36	0.17	0.16		0.70	|	0.04	0.14	0.18	|	51.25
59		192249.6886	0.001340	|	85.98		88.18		87.06		20.10		 			|	0.36	0.18	0.16		0.70	|	0.04	0.14	0.18	|	52.13
60		187893.2234	0.001331	|	87.72		87.08		87.40		21.94		 			|	0.36	0.17	0.16		0.70	|	0.04	0.14	0.18	|	53.00
61		187643.9553	0.001322	|	87.61		87.28		87.45		21.94		 			|	0.36	0.17	0.16		0.70	|	0.04	0.13	0.18	|	53.88
62		185432.3756	0.001313	|	86.65		87.95		87.29		20.87		 			|	0.36	0.18	0.16		0.70	|	0.04	0.14	0.18	|	54.76
63		184061.4146	0.001304	|	87.32		87.55		87.44		21.35		 			|	0.36	0.17	0.16		0.70	|	0.04	0.13	0.18	|	55.64
64		184988.9366	0.001295	|	88.02		86.97		87.49		22.06		 			|	0.36	0.18	0.16		0.70	|	0.04	0.14	0.18	|	56.51
65		178892.0409	0.001286	|	87.88		87.32		87.60		22.18		 			|	0.36	0.18	0.16		0.70	|	0.04	0.14	0.18	|	57.39
66		179019.6080	0.001278	|	88.11		86.82		87.46		21.71		 			|	0.36	0.18	0.16		0.70	|	0.04	0.13	0.18	|	58.26
67		179159.9835	0.001269	|	88.23		86.86		87.54		21.59		 			|	0.36	0.17	0.16		0.70	|	0.04	0.14	0.18	|	59.14
68		174781.9704	0.001260	|	87.73		87.26		87.49		21.88		 			|	0.36	0.17	0.16		0.70	|	0.04	0.14	0.18	|	60.01
69		174598.1379	0.001252	|	87.55		87.27		87.41		21.77		 			|	0.36	0.18	0.16		0.70	|	0.04	0.14	0.18	|	60.89
70		170886.5747	0.001243	|	87.53		87.28		87.40		22.12		 			|	0.36	0.17	0.16		0.70	|	0.04	0.13	0.18	|	61.77
71		169155.1327	0.001235	|	87.67		87.22		87.44		22.36		 			|	0.36	0.18	0.16		0.70	|	0.04	0.14	0.18	|	62.64
72		171065.6819	0.001227	|	87.88		87.17		87.52		22.60		 			|	0.36	0.17	0.16		0.70	|	0.04	0.13	0.18	|	63.51
73		168182.8619	0.001218	|	87.15		87.44		87.29		21.41		 			|	0.36	0.17	0.16		0.70	|	0.04	0.14	0.18	|	64.39
74		165924.2420	0.001210	|	87.20		87.51		87.35		22.18		 			|	0.36	0.17	0.16		0.70	|	0.04	0.14	0.18	|	65.27
75		165826.7822	0.001202	|	86.99		87.62		87.31		22.42		 			|	0.36	0.17	0.16		0.70	|	0.04	0.14	0.18	|	66.14
76		164241.9501	0.001194	|	87.24		87.35		87.29		22.00		 			|	0.36	0.17	0.16		0.70	|	0.04	0.14	0.18	|	67.02
77		163582.4680	0.001186	|	87.17		87.71		87.44		22.42		 			|	0.36	0.17	0.16		0.70	|	0.04	0.13	0.18	|	67.90
78		161439.1612	0.001178	|	88.26		86.88		87.56		22.54		 			|	0.36	0.17	0.16		0.70	|	0.04	0.14	0.18	|	68.77
79		159826.2344	0.001170	|	87.22		87.63		87.42		22.06		 			|	0.36	0.18	0.16		0.70	|	0.04	0.14	0.18	|	69.65
80		159618.3914	0.001162	|	87.43		87.37		87.40		22.78		 			|	0.36	0.18	0.16		0.70	|	0.04	0.14	0.18	|	70.53
81		158517.5571	0.001154	|	87.83		87.09		87.46		22.66		 			|	0.36	0.18	0.16		0.70	|	0.04	0.14	0.18	|	71.40
82		157887.2560	0.001146	|	88.20		86.87		87.53		22.60		 			|	0.36	0.18	0.16		0.70	|	0.04	0.14	0.18	|	72.28
83		155895.6449	0.001138	|	87.99		87.19		87.59		23.20		 			|	0.36	0.18	0.16		0.70	|	0.04	0.14	0.18	|	73.16
84		154134.6976	0.001131	|	87.76		87.40		87.58		22.84		 			|	0.36	0.17	0.16		0.70	|	0.04	0.14	0.18	|	74.03
85		151733.3005	0.001123	|	87.43		87.52		87.47		22.42		 			|	0.36	0.18	0.16		0.70	|	0.04	0.14	0.18	|	74.91
86		151574.8989	0.001115	|	87.51		87.58		87.55		22.96		 			|	0.36	0.17	0.16		0.70	|	0.04	0.13	0.18	|	75.79
87		149565.1838	0.001108	|	87.21		87.70		87.45		22.24		 			|	0.36	0.17	0.16		0.70	|	0.04	0.14	0.18	|	76.66
88		150175.1583	0.001100	|	87.64		87.42		87.53		22.48		 			|	0.36	0.17	0.16		0.70	|	0.04	0.13	0.18	|	77.53
89		151316.2237	0.001093	|	86.27		88.26		87.25		21.59		 			|	0.36	0.17	0.16		0.70	|	0.04	0.14	0.18	|	78.41
90		149908.9746	0.001086	|	87.03		87.66		87.34		22.06		 			|	0.36	0.18	0.16		0.70	|	0.04	0.14	0.18	|	79.29
91		147819.4745	0.001078	|	87.04		87.72		87.38		22.60		 			|	0.36	0.17	0.16		0.70	|	0.04	0.14	0.18	|	80.16
92		146113.9168	0.001071	|	87.21		87.68		87.45		22.78		 			|	0.36	0.17	0.16		0.70	|	0.04	0.14	0.18	|	81.04
93		145577.5905	0.001064	|	87.21		87.72		87.46		22.36		 			|	0.36	0.17	0.16		0.70	|	0.04	0.14	0.18	|	81.91
94		143583.2210	0.001056	|	87.39		87.52		87.45		23.26		 			|	0.36	0.18	0.16		0.70	|	0.04	0.13	0.18	|	82.79
95		142926.0406	0.001049	|	87.53		87.41		87.47		22.54		 			|	0.36	0.18	0.16		0.70	|	0.04	0.14	0.18	|	83.66
96		141792.9178	0.001042	|	87.42		87.71		87.56		22.90		 			|	0.36	0.17	0.16		0.70	|	0.04	0.14	0.18	|	84.54
97		141301.0502	0.001035	|	87.65		87.22		87.44		22.24		 			|	0.36	0.18	0.16		0.70	|	0.04	0.14	0.18	|	85.41
98		140237.7825	0.001028	|	87.85		87.23		87.54		22.72		 			|	0.36	0.18	0.16		0.70	|	0.04	0.14	0.18	|	86.29
99		137806.2256	0.001021	|	87.63		87.26		87.45		22.36		 			|	0.36	0.17	0.16		0.70	|	0.04	0.14	0.18	|	87.16
100		137799.3165	0.001014	|	87.32		87.60		87.46		22.12		 			|	0.36	0.18	0.16		0.70	|	0.04	0.14	0.18	|	88.04
101		137310.3527	0.001007	|	87.72		87.26		87.49		23.02		 			|	0.36	0.17	0.16		0.70	|	0.04	0.14	0.18	|	88.91
102		134929.0836	0.001001	|	87.45		87.26		87.36		21.94		 			|	0.36	0.17	0.16		0.70	|	0.04	0.14	0.18	|	89.79
103		137763.8128	0.000994	|	88.14		86.79		87.46		22.66		 			|	0.36	0.17	0.16		0.70	|	0.04	0.14	0.18	|	90.66
104		136773.8979	0.000987	|	87.61		87.39		87.50		22.54		 			|	0.36	0.18	0.16		0.70	|	0.04	0.14	0.18	|	91.54
105		134354.3843	0.000980	|	87.83		87.07		87.45		22.12		 			|	0.36	0.18	0.16		0.70	|	0.04	0.13	0.18	|	92.41
106		132085.2308	0.000974	|	87.67		87.09		87.38		22.30		 			|	0.36	0.17	0.16		0.70	|	0.04	0.13	0.18	|	93.28
107		134978.6415	0.000967	|	87.38		87.19		87.29		22.06		 			|	0.36	0.17	0.16		0.70	|	0.04	0.13	0.18	|	94.16
108		131041.0193	0.000961	|	87.73		87.11		87.42		22.30		 			|	0.36	0.18	0.16		0.70	|	0.04	0.14	0.18	|	95.03
109		131979.3716	0.000954	|	87.19		87.58		87.38		22.18		 			|	0.36	0.17	0.16		0.70	|	0.04	0.14	0.18	|	95.91
110		128038.4899	0.000948	|	87.32		87.45		87.39		22.54		 			|	0.36	0.18	0.16		0.70	|	0.04	0.14	0.18	|	96.79
111		129978.3844	0.000941	|	87.56		87.15		87.35		21.82		 			|	0.36	0.18	0.16		0.70	|	0.04	0.14	0.18	|	97.66
112		129069.6109	0.000935	|	87.52		87.32		87.42		22.12		 			|	0.36	0.18	0.16		0.70	|	0.04	0.14	0.18	|	98.54
113		127653.6427	0.000929	|	87.83		87.09		87.46		22.60		 			|	0.36	0.17	0.16		0.70	|	0.04	0.13	0.18	|	99.41
114		126752.0763	0.000922	|	87.34		87.47		87.40		22.54		 			|	0.36	0.17	0.16		0.70	|	0.04	0.14	0.18	|	100.29
115		125403.2729	0.000916	|	87.43		87.39		87.41		22.42		 			|	0.36	0.17	0.16		0.70	|	0.04	0.14	0.18	|	101.16
116		122284.9769	0.000910	|	87.72		87.21		87.46		22.18		 			|	0.36	0.17	0.16		0.70	|	0.04	0.14	0.18	|	102.04
117		124192.3144	0.000904	|	87.83		87.09		87.46		22.48		 			|	0.36	0.18	0.16		0.70	|	0.04	0.14	0.18	|	102.92
118		122861.2988	0.000898	|	87.91		87.11		87.51		22.18		 			|	0.36	0.17	0.16		0.70	|	0.04	0.14	0.18	|	103.79
119		124255.6038	0.000892	|	87.56		87.37		87.47		22.06		 			|	0.36	0.18	0.16		0.70	|	0.04	0.14	0.18	|	104.67
120		124277.2073	0.000886	|	87.90		87.10		87.50		22.18		 			|	0.36	0.18	0.16		0.70	|	0.04	0.14	0.18	|	105.54
121		120700.9461	0.000880	|	87.70		87.25		87.47		22.00		 			|	0.36	0.17	0.16		0.70	|	0.04	0.14	0.18	|	106.42
122		120830.6192	0.000874	|	87.69		87.40		87.54		22.42		 			|	0.37	0.18	0.16		0.71	|	0.04	0.14	0.18	|	107.30
123		122504.1184	0.000868	|	87.81		87.07		87.44		22.24		 			|	0.36	0.18	0.16		0.70	|	0.04	0.14	0.18	|	108.18
124		121422.6423	0.000862	|	87.80		87.15		87.48		22.66		 			|	0.36	0.17	0.16		0.70	|	0.04	0.13	0.18	|	109.05
125		117783.1564	0.000856	|	87.39		87.44		87.42		22.24		 			|	0.36	0.17	0.16		0.70	|	0.04	0.14	0.18	|	109.94
126		119000.0722	0.000850	|	87.70		87.09		87.39		22.18		 			|	0.36	0.18	0.16		0.70	|	0.04	0.14	0.18	|	110.81
127		119228.2529	0.000844	|	87.40		87.51		87.45		22.72		 			|	0.36	0.18	0.16		0.70	|	0.04	0.14	0.18	|	111.69
128		118753.3183	0.000839	|	87.61		87.05		87.33		22.30		 			|	0.36	0.17	0.16		0.70	|	0.04	0.14	0.18	|	112.57
129		117892.7105	0.000833	|	87.59		87.10		87.34		22.66		 			|	0.36	0.18	0.16		0.70	|	0.04	0.14	0.18	|	113.44
130		115938.7297	0.000827	|	87.70		86.99		87.34		22.60		 			|	0.36	0.18	0.16		0.70	|	0.04	0.14	0.18	|	114.32
131		116259.0834	0.000822	|	87.24		87.44		87.34		22.36		 			|	0.36	0.17	0.16		0.70	|	0.04	0.14	0.18	|	115.20
132		113840.0610	0.000816	|	87.54		87.19		87.36		21.82		 			|	0.36	0.17	0.16		0.70	|	0.04	0.14	0.18	|	116.08
133		115017.5340	0.000811	|	87.08		87.46		87.27		22.36		 			|	0.36	0.17	0.16		0.70	|	0.04	0.13	0.18	|	116.95
134		113905.5731	0.000805	|	87.82		86.98		87.40		22.12		 			|	0.36	0.17	0.16		0.70	|	0.04	0.14	0.18	|	117.83
135		116036.2754	0.000800	|	87.59		87.29		87.44		22.90		 			|	0.36	0.18	0.16		0.70	|	0.04	0.13	0.18	|	118.70
136		112576.1250	0.000794	|	87.22		87.38		87.30		22.48		 			|	0.36	0.17	0.16		0.70	|	0.04	0.14	0.18	|	119.58
137		111468.1426	0.000789	|	87.79		87.01		87.40		22.78		 			|	0.36	0.18	0.16		0.70	|	0.04	0.14	0.18	|	120.46
138		112046.3592	0.000784	|	87.78		87.17		87.48		23.02		 			|	0.36	0.17	0.16		0.70	|	0.04	0.14	0.18	|	121.33
139		112264.2214	0.000778	|	87.38		87.34		87.36		22.78		 			|	0.36	0.18	0.16		0.70	|	0.04	0.14	0.18	|	122.21
140		110432.8372	0.000773	|	87.82		86.94		87.38		23.08		 			|	0.36	0.17	0.16		0.70	|	0.04	0.14	0.18	|	123.09
141		109409.3421	0.000768	|	87.52		87.05		87.28		23.14		 			|	0.36	0.18	0.16		0.70	|	0.04	0.13	0.18	|	123.96
142		110851.7382	0.000763	|	87.38		87.29		87.33		22.72		 			|	0.36	0.18	0.16		0.70	|	0.04	0.13	0.18	|	124.84
143		108424.9920	0.000758	|	87.32		87.43		87.37		22.96		 			|	0.36	0.17	0.16		0.70	|	0.04	0.14	0.18	|	125.71
144		109622.6711	0.000752	|	87.28		87.24		87.26		22.42		 			|	0.36	0.18	0.16		0.70	|	0.04	0.14	0.18	|	126.59
145		108640.4396	0.000747	|	87.51		87.19		87.35		22.30		 			|	0.36	0.17	0.16		0.70	|	0.04	0.14	0.18	|	127.46
146		108740.1643	0.000742	|	87.85		86.99		87.42		22.84		 			|	0.36	0.17	0.16		0.70	|	0.04	0.13	0.18	|	128.34
147		107813.5614	0.000737	|	87.59		87.32		87.45		22.54		 			|	0.36	0.17	0.16		0.70	|	0.04	0.14	0.18	|	129.21
148		107532.8482	0.000732	|	87.22		87.27		87.25		22.66		 			|	0.36	0.17	0.16		0.70	|	0.04	0.14	0.18	|	130.09
149		107315.5003	0.000727	|	87.38		87.40		87.39		23.02		 			|	0.36	0.18	0.16		0.70	|	0.04	0.14	0.18	|	130.98
150		106027.8161	0.000722	|	87.44		87.37		87.41		22.78		 			|	0.36	0.18	0.16		0.70	|	0.04	0.14	0.18	|	131.85
151		107179.7370	0.000717	|	87.63		87.15		87.39		22.66		 			|	0.36	0.18	0.16		0.70	|	0.04	0.14	0.18	|	132.73
152		104896.2779	0.000713	|	87.65		87.26		87.46		22.78		 			|	0.36	0.17	0.16		0.70	|	0.04	0.14	0.18	|	133.60
153		104616.7334	0.000708	|	87.67		87.23		87.45		22.66		 			|	0.36	0.17	0.16		0.70	|	0.04	0.14	0.18	|	134.48
154		103634.6406	0.000703	|	87.64		87.20		87.42		22.60		 			|	0.36	0.18	0.16		0.70	|	0.04	0.14	0.18	|	135.35
155		104955.0982	0.000698	|	87.35		87.45		87.40		22.36		 			|	0.36	0.17	0.16		0.70	|	0.04	0.13	0.18	|	136.23
156		104803.4031	0.000694	|	87.93		87.04		87.49		22.18		 			|	0.36	0.18	0.16		0.70	|	0.04	0.14	0.18	|	137.10
157		103382.2503	0.000689	|	87.59		87.12		87.35		22.54		 			|	0.36	0.18	0.16		0.70	|	0.04	0.14	0.18	|	137.97
158		104155.8262	0.000684	|	87.55		87.32		87.44		22.60		 			|	0.36	0.17	0.16		0.70	|	0.04	0.14	0.18	|	138.85
159		102068.2051	0.000680	|	87.49		87.34		87.42		22.54		 			|	0.36	0.18	0.16		0.70	|	0.04	0.14	0.18	|	139.73
160		101734.1086	0.000675	|	87.61		87.23		87.42		22.36		 			|	0.36	0.17	0.16		0.70	|	0.04	0.14	0.18	|	140.61
161		102162.3747	0.000670	|	87.37		87.37		87.37		22.12		 			|	0.36	0.18	0.16		0.70	|	0.04	0.14	0.18	|	141.48
162		99392.4955	0.000666	|	87.63		87.24		87.43		22.60		 			|	0.36	0.17	0.16		0.70	|	0.04	0.14	0.18	|	142.36
163		100865.3581	0.000661	|	87.69		87.39		87.54		22.12		 			|	0.36	0.18	0.16		0.70	|	0.04	0.14	0.18	|	143.24
164		100025.0177	0.000657	|	87.71		87.34		87.53		22.42		 			|	0.36	0.17	0.16		0.70	|	0.04	0.14	0.18	|	144.12
165		98013.0347	0.000652	|	87.40		87.53		87.47		22.30		 			|	0.36	0.17	0.16		0.70	|	0.04	0.14	0.18	|	145.00
166		100353.3385	0.000648	|	87.75		87.15		87.45		22.36		 			|	0.36	0.17	0.16		0.70	|	0.04	0.14	0.18	|	145.87
167		99454.8785	0.000644	|	87.65		87.22		87.44		22.30		 			|	0.36	0.18	0.16		0.70	|	0.04	0.14	0.18	|	146.75
168		98091.2773	0.000639	|	87.94		87.02		87.48		22.48		 			|	0.36	0.18	0.16		0.70	|	0.04	0.14	0.18	|	147.63
169		98262.8620	0.000635	|	87.53		87.38		87.46		22.30		 			|	0.36	0.18	0.16		0.70	|	0.04	0.14	0.18	|	148.51
170		96431.3208	0.000631	|	87.46		87.49		87.47		22.12		 			|	0.36	0.18	0.16		0.70	|	0.04	0.13	0.18	|	149.38
171		96816.3996	0.000626	|	87.88		87.19		87.53		22.54		 			|	0.36	0.18	0.16		0.70	|	0.04	0.14	0.18	|	150.26
172		96444.4566	0.000622	|	87.55		87.39		87.47		21.88		 			|	0.36	0.18	0.16		0.70	|	0.04	0.13	0.18	|	151.13
173		97532.0951	0.000618	|	87.50		87.40		87.45		22.12		 			|	0.36	0.17	0.16		0.70	|	0.04	0.13	0.18	|	152.01
174		94897.1351	0.000614	|	87.43		87.39		87.41		22.12		 			|	0.36	0.17	0.16		0.70	|	0.04	0.14	0.18	|	152.89
175		94263.2253	0.000610	|	87.36		87.54		87.45		22.84		 			|	0.36	0.17	0.16		0.70	|	0.04	0.13	0.18	|	153.76
176		93725.4236	0.000605	|	87.34		87.65		87.49		22.96		 			|	0.36	0.17	0.16		0.70	|	0.04	0.14	0.18	|	154.64
177		95165.2103	0.000601	|	87.55		87.24		87.39		22.30		 			|	0.36	0.17	0.16		0.70	|	0.04	0.13	0.18	|	155.51
178		94210.2501	0.000597	|	87.64		87.27		87.45		22.18		 			|	0.36	0.18	0.16		0.70	|	0.04	0.14	0.18	|	156.39
179		93455.5038	0.000593	|	87.67		87.25		87.46		22.42		 			|	0.36	0.17	0.16		0.70	|	0.04	0.13	0.18	|	157.26
180		94792.8970	0.000589	|	87.39		87.43		87.41		22.54		 			|	0.36	0.17	0.16		0.70	|	0.04	0.13	0.18	|	158.14
181		92875.7260	0.000585	|	87.74		87.12		87.43		22.78		 			|	0.36	0.17	0.16		0.70	|	0.04	0.14	0.18	|	159.01
182		92647.9184	0.000581	|	87.54		87.32		87.43		22.42		 			|	0.36	0.18	0.16		0.70	|	0.04	0.13	0.18	|	159.89
183		93216.4087	0.000577	|	87.50		87.47		87.48		22.30		 			|	0.36	0.18	0.16		0.70	|	0.04	0.14	0.18	|	160.77
184		91912.5944	0.000573	|	87.46		87.23		87.35		22.48		 			|	0.36	0.17	0.16		0.70	|	0.04	0.14	0.18	|	161.64
185		92028.1752	0.000570	|	87.59		87.27		87.43		22.54		 			|	0.36	0.17	0.16		0.70	|	0.04	0.14	0.18	|	162.52
186		91694.2509	0.000566	|	87.83		87.16		87.49		22.42		 			|	0.36	0.17	0.16		0.70	|	0.04	0.14	0.18	|	163.40
187		93988.2139	0.000562	|	87.47		87.36		87.42		22.24		 			|	0.36	0.17	0.16		0.70	|	0.04	0.14	0.18	|	164.28
188		92291.1643	0.000558	|	87.54		87.30		87.42		22.54		 			|	0.36	0.17	0.16		0.70	|	0.04	0.14	0.18	|	165.15
189		89623.2728	0.000554	|	87.49		87.44		87.46		22.30		 			|	0.36	0.17	0.16		0.70	|	0.04	0.14	0.18	|	166.03
190		89863.9248	0.000551	|	87.72		87.35		87.53		22.60		 			|	0.36	0.17	0.16		0.70	|	0.04	0.14	0.18	|	166.91
191		89969.0293	0.000547	|	87.55		87.24		87.40		22.12		 			|	0.36	0.17	0.16		0.70	|	0.04	0.14	0.18	|	167.78
192		90633.7153	0.000543	|	87.57		87.23		87.40		22.12		 			|	0.36	0.18	0.16		0.70	|	0.04	0.14	0.18	|	168.66
193		89325.4739	0.000539	|	87.71		87.20		87.45		22.12		 			|	0.36	0.18	0.16		0.70	|	0.04	0.14	0.18	|	169.53
194		89620.9867	0.000536	|	87.61		87.36		87.48		22.60		 			|	0.36	0.17	0.16		0.70	|	0.04	0.14	0.18	|	170.41
195		89603.6877	0.000532	|	87.70		87.20		87.45		22.18		 			|	0.36	0.17	0.16		0.70	|	0.04	0.14	0.18	|	171.29
196		87774.2568	0.000529	|	87.57		87.26		87.41		22.12		 			|	0.36	0.17	0.16		0.70	|	0.04	0.14	0.18	|	172.16
197		87449.3468	0.000525	|	87.75		87.13		87.44		22.24		 			|	0.36	0.17	0.16		0.70	|	0.04	0.14	0.18	|	173.04
198		87823.8258	0.000521	|	87.51		87.12		87.32		22.12		 			|	0.36	0.17	0.16		0.70	|	0.04	0.14	0.18	|	173.91
199		88322.6908	0.000518	|	87.49		87.34		87.42		22.84		 			|	0.36	0.18	0.16		0.70	|	0.04	0.14	0.18	|	174.79
200		87830.5543	0.000514	|	87.67		87.20		87.43		22.66		 			|	0.36	0.17	0.16		0.70	|	0.04	0.14	0.18	|	175.66

Done!
Total training time (min): 175.66
